0.221382
0.243853
0.184301
0.388809
0.149267
0.204521
0.148818
0.175922
0.182739
0.219271
0.136185
0.134837
0.255604
0.220593
0.172467
0.216771
0.184604
0.240370
0.202181
0.217958
0.202632
0.146235
0.241725
0.212318
0.174243
0.150777
0.211170
0.193169
0.181728
0.210690
0.215261
0.169789
0.204805
0.194860
0.202523
0.215741
0.195448
0.158419
0.168347
0.223111
0.223390
0.348696
0.250446
0.247062
0.266606
0.281840
0.155669
0.288911
0.231606
0.173657
0.226747
0.300463
0.341804
0.142163
0.255397
0.188515
0.205325
0.205294
0.214619
0.424019
0.263668
0.319636
0.344267
0.193525
0.361974
0.148132
0.186823
0.221362
0.204301
0.281780
0.183091
0.217169
0.229904
0.165185
0.192490
0.157335
0.213534
0.231096
0.378360
0.215128
0.197775
0.232812
0.250821
0.166601
0.311024
0.245011
0.250748
0.202991
0.194230
0.286827
0.236501
0.339782
0.202636
0.172770
0.165562
0.112373
0.269433
0.196398
0.169075
0.179239
0.141590
0.142924
0.117144
0.250127
0.290384
0.199435
0.234930
0.291293
0.246850
0.249622
0.184081
0.182464
0.308660
0.153037
0.329885
0.252911
0.207269
0.191800
0.368060
0.213840
0.209566
0.259014
0.192668
0.234652
0.222701
0.197353
0.189695
0.194626
0.208947
0.158392
0.252189
0.210992
0.174831
0.202515
0.192604
0.231998
0.203056
0.214875
0.141839
0.109436
0.296499
0.206609
0.276522
0.421298
0.190689
0.157969
0.189987
0.250923
0.233560
0.229626
0.220620
0.213401
0.314278
0.256960
0.326341
0.227115
0.217457
0.230690
0.257844
0.159223
0.287931
0.172713
0.194389
0.242221
0.257804
0.275575
0.229046
0.183097
0.249267
0.210088
0.214386
0.388190
0.192757
0.189235
0.235439
0.171083
0.203064
0.104733
0.158986
0.191909
0.197119
0.157167
0.227052
0.322427
0.255971
0.189018
0.141114
0.161683
0.161476
0.134092
0.129889
0.230465
0.222730
0.202951
0.262016
0.237612
0.237632
0.230442
0.134532
0.180716
0.255999
0.267338
0.244203
0.253953
0.203322
0.242168
0.223222
0.210047
0.201805
0.247543
0.200978
0.333024
0.230229
0.250443
0.399875
0.216236
0.293748
0.141395
0.140358
0.185207
0.192978
0.260261
0.246334
0.156936
0.243802
0.265359
0.201208
0.247425
0.294382
0.148108
0.282862
0.230666
0.228301
0.276893
0.134493
0.244782
0.265847
0.219736
0.217738
0.184386
0.232890
0.232404
0.376660
0.190692
0.196450
0.144950
0.185095
0.184161
0.240054
0.197409
0.185716
0.209537
0.221188
0.244566
0.233880
0.215453
0.215934
0.250929
0.205161
0.118557
0.202462
0.238139
0.195195
0.222743
0.235477
0.201701
0.228460
0.216043
0.155953
0.217736
0.272890
0.104770
0.195429
0.333107
0.336381
0.161368
0.235913
0.236683
0.260722
0.204892
0.356034
0.228357
0.215598
0.226358
0.172215
0.138438
0.245699
0.238600
0.251401
0.225849
0.219568
0.341823
0.214529
0.150523
0.330546
0.172144
0.174165
0.199718
0.356947
0.223220
0.174901
0.234629
0.218749
0.408494
0.252542
0.243013
0.216200
0.215832
0.165823
0.192224
0.194342
0.228896
0.156339
0.197879
0.185280
0.218094
0.241795
0.284971
0.218480
0.193717
0.136900
0.135993
0.191369
0.233059
0.244222
0.213116
0.243143
0.256003
0.232613
0.188701
0.182198
0.224309
0.250670
0.147305
0.171578
0.200210
0.221452
0.192970
0.285115
0.279488
0.398958
0.272129
0.176481
0.249974
0.191835
0.194130
0.225320
0.199350
0.310446
0.315228
0.216688
0.195503
0.205550
0.204187
0.233425
0.107847
0.152194
0.210622
0.212844
0.183641
0.348566
0.124620
0.173234
0.182884
0.323355
0.149711
0.156991
0.241246
0.195607
0.174355
0.268137
0.380273
0.294118
0.164595
0.182546
0.212211
0.220465
0.152528
0.184543
0.166199
0.161650
0.263717
0.212476
0.144778
0.304690
0.200818
0.235037
0.224614
0.226817
0.257401
0.229571
0.217908
0.185374
0.229691
0.259461
0.214980
0.263399
0.315983
0.234447
0.137482
0.175163
0.172953
0.234462
0.239376
0.250300
0.269936
0.328739
0.248411
0.206679
0.228277
0.203931
0.180545
0.270419
0.216511
0.168190
0.167392
0.100302
0.176069
0.228355
0.212897
0.264826
0.189724
0.224817
0.235011
0.291745
0.189908
0.204761
0.144724
0.253537
0.292447
0.209475
0.238791
0.255092
0.236654
0.244940
0.174140
0.215348
0.170693
0.180386
0.215014
0.206387
0.258066
0.217641
0.208645
0.224369
0.216664
0.222692
0.221211
0.186917
0.338097
0.223338
0.245418
0.246225
0.216803
0.255091
0.277462
0.284306
0.261925
0.351240
0.245001
0.217246
0.352936
0.401991
0.207279
0.124531
0.214670
0.183817
0.255931
0.248979
0.103389
0.165218
0.147812
0.139825
0.212141
0.171113
0.195649
0.355142
0.194677
0.183618
0.357449
0.191939
0.341316
0.191646
0.219836
0.300088
0.237599
0.254730
0.123595
0.265988
0.253322
0.228005
0.134158
0.163097
0.220702
0.294785
0.268620
0.204657
0.168537
0.245808
0.215028
0.227424
0.134036
0.214546
0.319536
0.250698
0.318611
0.195846
0.204476
0.296258
0.250673
0.194383
0.219447
0.147382
0.220082
0.206797
0.301558
0.324873
0.275242
0.203676
0.332575
0.320766
0.237268
0.216949
0.218373
0.216794
0.222020
0.223607
0.165036
0.193850
0.192156
0.293897
0.215303
0.130765
0.214398
0.194138
0.211441
0.149368
0.282977
0.267730
0.319789
0.385883
0.321806
0.229062
0.235474
0.221673
0.243447
0.295955
0.215644
0.226375
0.221364
0.175061
0.235070
0.213794
0.219966
0.222086
0.215839
0.217725
0.151121
0.190496
0.137353
0.264585
0.297245
0.205864
0.240311
0.203022
0.236977
0.202343
0.169317
0.205016
0.204602
0.222693
0.234746
0.257326
0.225962
0.233511
0.120943
0.115942
0.269892
0.182632
0.193593
0.206786
0.309424
0.166738
0.272934
0.215378
0.229190
0.160376
0.182036
0.339677
0.205518
0.205822
0.211266
0.204961
0.320583
0.239693
0.242314
0.232026
0.205379
0.200283
0.210477
0.151141
0.194606
0.180241
0.242633
0.129278
0.186182
0.194452
0.356210
0.199649
0.357133
0.280436
0.201874
0.287395
0.261454
0.216060
0.363625
0.247673
0.268955
0.224923
0.289529
0.265147
0.218175
0.366802
0.207446
0.229650
0.293961
0.157347
0.285070
0.290398
0.205826
0.190024
0.198172
0.215400
0.198762
0.182226
0.200965
0.264841
0.240080
0.221991
0.202574
0.212234
0.191307
0.214032
0.164449
0.335145
0.193379
0.156517
0.167896
0.357591
0.192968
0.212253
0.212674
0.195240
0.224226
0.287889
0.257578
0.232180
0.233373
0.203075
0.318510
0.216498
0.162094
0.356787
0.332429
0.205957
0.362637
0.249462
0.192579
0.215847
0.351031
0.199650
0.225464
0.193963
0.261439
0.293500
0.305865
0.121650
0.351136
0.201484
0.191217
0.232787
0.193687
0.214990
0.218954
0.252928
0.215445
0.201249
0.357619
0.177703
0.418998
0.181542
0.307608
0.219780
0.269454
0.247032
0.231349
0.214854
0.227714
0.181624
0.300838
0.205637
0.337092
0.157853
0.219911
0.194519
0.247759
0.281906
0.191746
0.216885
0.219254
0.158851
0.190059
0.355402
0.220705
0.351761
0.271568
0.213711
0.223488
0.255061
0.229159
0.257198
0.270033
0.208828
0.205949
0.275688
0.202802
0.191010
0.322068
0.150519
0.202245
0.235431
0.246161
0.202541
0.352351
0.226165
0.213923
0.155491
0.216894
0.243733
0.199138
0.149808
0.189574
0.336486
0.182982
0.193904
0.254073
0.222382
0.215045
0.230873
0.182575
0.125746
0.249976
0.200349
0.215744
0.283626
0.204481
0.223979
0.197986
0.211480
0.309720
0.212539
0.231493
0.215882
0.183622
0.205343
0.260124
0.252129
0.215283
0.214690
0.395003
0.215879
0.213421
0.217979
0.201840
0.115218
0.246726
0.181427
0.204632
0.229947
0.216701
0.220299
0.216907
0.223782
0.261073
0.197308
0.203273
0.115258
0.191715
0.252824
0.344299
0.231730
0.214460
0.203894
0.216200
0.192817
0.204160
0.370099
0.159833
0.192286
0.203082
0.191630
0.201931
0.212372
0.225085
0.243218
0.296852
0.215804
0.373582
0.135318
0.225356
0.182067
0.181105
0.298403
0.193520
0.202728
0.215776
0.235338
0.196882
0.186228
0.144197
0.284652
0.159095
0.193770
0.155328
0.282960
0.286034
0.213252
0.245399
0.242228
0.192657
0.348419
0.220775
0.183275
0.203489
0.192587
0.204373
0.202834
0.201322
0.188911
0.215047
0.236138
0.217573
0.204070
0.222009
0.206822
0.192935
0.191664
0.222321
0.204094
0.203940
0.258918
0.289491
0.241514
0.215496
0.256298
0.227573
0.167348
0.210076
0.221851
0.315898
0.312483
0.265530
0.152051
0.277158
0.284288
0.219194
0.159169
0.172624
0.208627
0.191503
0.201441
0.251159
0.191506
0.232026
0.217901
0.149947
0.252325
0.249634
0.262207
0.216807
0.229400
0.165098
0.166646
0.236819
0.147518
0.323636
0.209279
0.198682
0.203229
0.207601
0.191276
0.217190
0.290691
0.304080
0.130765
0.218993
0.185764
0.203577
0.204340
0.326423
0.228908
0.231455
0.202820
0.217102
0.269582
0.420514
0.154643
0.182953
0.198333
0.202034
0.335844
0.202986
0.196133
0.206126
0.203366
0.214772
0.240437
0.151699
0.376822
0.408937
0.340842
0.219277
0.175602
0.363990
0.226561
0.230389
0.240563
0.194363
0.284903
0.141730
0.159726
0.173069
0.191448
0.305344
0.212061
0.193793
0.282609
0.098302
0.151673
0.122847
0.164522
0.192550
0.219758
0.214920
0.201929
0.206495
0.415482
0.243021
0.221278
0.245805
0.205261
0.152911
0.178144
0.193425
0.189778
0.259805
0.201443
0.180136
0.321135
0.203615
0.223304
0.208453
0.209459
0.240100
0.222545
0.214007
0.205860
0.187754
0.207988
0.174542
0.287767
0.216183
0.224543
0.257200
0.216544
0.220187
0.296912
0.160483
0.204944
0.194783
0.145495
0.181107
0.184981
0.192684
0.231595
0.231814
0.201783
0.228823
0.356127
0.214632
0.263737
0.260199
0.245640
0.205408
0.256394
0.214998
0.251289
0.265201
0.240998
